3000
700
1000
8400
10000
600
1100
300
8300
3100
400
900
500
100
2400
200
1800
1500
700
400
6300
300
2700
100
600
10500
1600
2500
3700
4400
4700
4500
8200
7100
2200
9000
400
6600
700
13900
8000
400
9400
7700
1800
10000
7300
7000
1800
500
9100
9800
16200
2700
600
3900
8100
3100
900
6800
2900
2300
1100
5700
2000
2300
1500
3600
100
11300
23500
9000
1100
6000
2400
5400
4700
4800
3900
3800
6400
4700
900
10600
5500
14700
1400
3400
3700
3400
2200
3600
2700
2900
3500
800
2100
2100
1000
600
1300
2600
5900
5200
400
400
3600
2000
2700
3000
1600
11400
800
25100
3700
4100
8800
1400
3700
200
800
3600
5500
300
3700
1300
5700
3500
8400
800
700
3500
7100
900
4300
2000
27800
2200
4500
4900
1100
100
14400
2500
4100
5000
1600
5300
2700
4800
700
8200
3000
9600
3300
700
700
4700
7700
7200
5400
9900
300
9500
1500
8000
1800
2200
5200
7800
7500
3000
100
500
2900
22100
8600
4200
1000
8400
1900
3700
5900
6700
2000
9700
9400
1100
2200
7700
400
1300
3900
7300
3700
1200
300
9400
400
3500
14700
3100
500
1000
300
10000
2500
15800
1800
300
3000
600
400
1100
700
1300
5800
1000
10500
300
1200
500
6100
900
4000
6000
19700
16500
800
3900
6400
9900
6300
10300
7500
2700
8300
5500
600
4300
9000
1000
3000
200
2000
3500
800
12000
1600
7800
400
1900
11700
2200
4500
11000
1900
3000
600
7200
1000
13900
3000
1100
2800
600
3200
8900
18300
3400
1500
200
3800
1000
2600
6600
4700
2200
4100
2500
700
4600
7000
4500
2300
1100
100
12600
8100
7600
200
800
2300
200
6900
4400
2300
6200
900
11200
5200
2000
200
3200
200
2200
7900
12300
4600
5100
700
500
17800
10300
400
8200
18600
8200
16700
900
1100
400
3400
21900
4000
8800
2300
4500
12100
300
800
1500
1600
1400
700
100
18100
1700
1100
600
3100
1000
900
9500
5600
4000
3500
1000
3200
8100
3100
200
3800
2400
4500
9300
1700
300
4600
24500
3300
7000
2000
900
1200
6100
2100
1700
100
1800
800
10900
10600
6000
100
3000
8800
1100
1900
1200
8500
6000
2400
3300
200
6700
9900
1200
6100
700
1400
100
7700
4200
15000
2500
1100
500
10400
3200
1100
100
2500
2700
5300
900
5300
11700
1200
100
5700
2600
9700
400
600
4300
600
2800
1100
19500
1400
3500
7400
100
4400
4500
1100
4500
9700
9400
1000
4100
21400
4100
200
500
3400
21000
9400
4200
1300
300
7900
5600
20600
4800
1600
2700
1100
4600
2000
5500
5100
3300
3500
7400
4700
600
6500
2000
800
700
600
300
500
2200
1600
5400
7800
1000
3600
3600
2200
2300
1600
11800
500
4500
9500
3400
400
2200
3500
7600
3800
1800
100
2700
100
26300
5600
3500
3900
4700
900
1300
4300
900
700
2600
5800
4500
1400
3000
3700
300
800
2200
4700
2400
4600
3100
1800
3300
500
600
500
100
1300
3300
4500
3000
2500
12600
600
1000
3600
8000
100
5500
2800
700
1700
6600
3900
3600
900
4300
6500
4100
9500
3100
1100
2500
2200
1500
3000
1700
2900
100
6800
4300
1700
1500
3300
4800
13300
400
21500
1400
100
1500
3000
100
3700
2800
800
2800
5000
100
2600
7900
3100
9600
10800
8700
2100
3500
9100
10100
1900
2200
2100
1400
2500
700
1400
400
300
4400
100
200
7100
8700
1400
200
1700
5000
400
700
3000
1800
100
400
35100
700
5400
10700
1800
5900
2200
2000
4000
6200
12100
3200
800
1000
900
4200
100
4500
1300
1300
6000
3000
15200
600
1000
2800
1100
400
1500
1400
1200
